200
2 9 5
5 3 11
5 7 8
3 7 20
6 10 57
2 10 10
3 3 3
4 8 27
6 6 24
4 6 11
4 10 36
4 7 10
2 7 5
6 11 30
5 8 18
3 10 18
6 7 31
5 12 34
6 10 31
2 12 2
2 11 9
3 11 6
4 3 5
6 12 69
5 6 19
4 4 4
6 9 35
6 8 25
6 10 58
5 9 33
3 9 8
2 4 2
3 3 5
3 3 6
2 6 8
4 7 7
6 5 24
4 3 9
6 12 53
6 12 71
6 11 37
2 11 15
6 4 7
5 6 24
2 8 14
3 8 23
3 10 29
3 4 3
3 3 8
3 7 4
4 3 7
2 9 18
4 12 38
2 12 11
2 3 3
3 5 13
2 7 9
2 4 8
4 5 8
6 6 17
2 9 17
6 12 49
4 8 31
4 5 12
5 8 21
4 12 4
3 9 14
3 12 20
6 6 22
4 10 31
4 11 30
4 12 44
3 6 18
6 5 23
4 10 39
5 6 20
2 12 14
2 11 6
4 8 24
5 8 21
4 12 34
4 4 5
2 3 4
4 6 4
4 9 24
5 5 24
5 11 42
2 5 10
6 8 39
3 4 6
4 9 4
2 10 4
6 9 35
5 8 19
2 4 2
4 5 8
5 7 23
4 7 15
3 12 21
6 4 8
5 6 24
3 3 3
6 4 20
4 11 38
6 9 54
2 11 9
3 11 20
4 8 30
4 8 24
5 8 27
5 10 33
4 12 22
6 9 28
5 5 7
2 6 9
4 4 16
5 12 8
3 12 11
2 4 3
6 4 6
4 8 10
4 3 7
4 8 27
6 6 12
2 10 15
5 5 24
3 12 5
6 8 44
5 9 42
5 5 18
4 3 10
3 4 7
6 12 43
3 4 8
6 8 13
3 3 8
4 12 11
4 11 42
2 5 7
4 12 45
2 8 14
3 8 22
5 10 29
6 3 12
5 6 8
6 9 13
5 9 36
5 11 55
6 12 14
4 7 13
3 10 26
6 8 36
2 11 4
3 12 23
2 6 4
4 11 18
4 7 14
3 10 22
3 6 3
4 6 6
3 6 5
5 11 9
4 7 26
6 5 7
4 3 7
2 7 11
2 12 10
5 10 38
3 9 24
3 4 12
4 10 22
5 10 47
5 5 24
3 5 12
5 5 14
2 7 10
2 10 12
5 6 19
3 10 27
2 9 17
6 9 26
3 10 21
4 8 24
3 3 8
5 8 21
2 6 8
3 7 17
5 6 8
2 6 5
2 8 10
6 7 10
4 7 19
6 10 28
2 12 8
5 9 8
4 8 12
6 11 33
6 12 45
6 6 32
4 11 42
